==========================================================
            Iterative Calibration Detailed Report
==========================================================

Summary:
Initial Avg Translation Error: 3.43777 mm
Final Avg Translation Error:   2.72059 mm
Total Iterations Executed:     5
Removed Groups (Original IDs): 14 8 12 11 23 

Iteration Process History:
Iter | AvgTransErr(mm) | AvgRotErr(deg) | RemainingGroups
--------------------------------------------------------
0    | 3.437773        | 1.509575       | 25
1    | 3.116379        | 1.500914       | 24
2    | 3.047289        | 1.386921       | 23
3    | 2.786259        | 1.312277       | 22
4    | 2.678085        | 1.332073       | 21
5    | 2.720585        | 1.292543       | 20

>>> Initial Detailed Errors (Iteration 0)
GroupID | TranslationErr(mm) | RotationErr(deg)
-----------------------------------------------
1       | 1.513518           | 1.072869
2       | 2.418888           | 1.015815
3       | 4.340409           | 1.313120
4       | 3.131823           | 1.275284
5       | 2.767414           | 1.027793
6       | 2.591442           | 0.826021
7       | 2.363372           | 0.900641
8       | 7.871895           | 2.468272
9       | 1.922864           | 0.611256
10      | 3.722036           | 3.529728
11      | 4.418615           | 0.956928
12      | 6.746325           | 1.981239
13      | 3.451379           | 1.280409
14      | 8.369053           | 1.750401
15      | 2.100072           | 1.708654
16      | 2.221684           | 0.319629
17      | 2.144907           | 1.770209
18      | 4.038031           | 0.947422
19      | 2.194545           | 1.722746
20      | 2.965553           | 2.217597
21      | 2.581699           | 1.704159
22      | 2.064740           | 1.342422
23      | 3.224251           | 2.843150
24      | 2.636002           | 1.197425
25      | 4.143809           | 1.956197

>>> Final Detailed Errors (Optimized)
GroupID | TranslationErr(mm) | RotationErr(deg)
-----------------------------------------------
1       | 1.108015           | 1.296577
2       | 2.023659           | 1.029459
3       | 4.437204           | 1.917320
4       | 3.873142           | 0.908859
5       | 2.792185           | 0.922116
6       | 1.854385           | 0.794148
7       | 2.288827           | 0.642177
9       | 1.885702           | 0.623986
10      | 4.223453           | 3.573693
13      | 2.783842           | 1.109050
15      | 1.880236           | 1.668080
16      | 1.286774           | 0.372458
17      | 1.860875           | 1.475641
18      | 4.285072           | 0.961164
19      | 2.185656           | 1.467495
20      | 4.505698           | 1.814626
21      | 2.238647           | 1.627758
22      | 3.173145           | 0.902768
24      | 2.832940           | 0.784583
25      | 2.892243           | 1.958908

>>> Final Calibration Matrices:

Marker1_2EMsensor:
0.958042     -0.098758    -0.269078    26.385294    
-0.265975    0.043598     -0.962994    32.492283    
0.106835     0.994156     0.015502     2.994950     
-0.000000    0.000000     0.000000     1.000000     

EM_2Marker2:
0.687128     -0.034997    0.725693     9.641141     
-0.726163    -0.001078    0.687522     -65.375542   
-0.023279    -0.999387    -0.026154    -127.351162  
0.000000     0.000000     0.000000     1.000000     
