==========================================================
            Iterative Calibration Detailed Report
==========================================================

Summary:
Initial Avg Translation Error: 2.63069 mm
Final Avg Translation Error:   2.27926 mm
Total Iterations Executed:     5
Removed Groups (Original IDs): 22 24 14 20 15 

Iteration Process History:
Iter | AvgTransErr(mm) | AvgRotErr(deg) | RemainingGroups
--------------------------------------------------------
0    | 2.630690        | 1.509995       | 25
1    | 2.520141        | 1.444753       | 24
2    | 2.423491        | 1.374547       | 23
3    | 2.390947        | 1.332436       | 22
4    | 2.361406        | 1.374036       | 21
5    | 2.279257        | 1.394058       | 20

>>> Initial Detailed Errors (Iteration 0)
GroupID | TranslationErr(mm) | RotationErr(deg)
-----------------------------------------------
1       | 2.518110           | 0.619000
2       | 1.394463           | 1.517174
3       | 2.490007           | 1.338493
4       | 2.132223           | 1.742463
5       | 3.431901           | 3.042443
6       | 1.928413           | 1.102416
7       | 1.273952           | 1.115983
8       | 1.767534           | 0.674463
9       | 2.251532           | 1.317782
10      | 2.160796           | 1.902697
11      | 2.676507           | 2.079601
12      | 1.774702           | 0.623637
13      | 1.833631           | 1.337085
14      | 4.607993           | 1.975315
15      | 3.683741           | 0.876652
16      | 2.718344           | 2.420022
17      | 2.348901           | 1.612967
18      | 3.265360           | 1.398726
19      | 1.019406           | 1.095166
20      | 3.277861           | 0.701084
21      | 0.973980           | 0.952836
22      | 5.565336           | 2.711546
23      | 1.944403           | 1.570047
24      | 5.528558           | 2.584547
25      | 3.199601           | 1.437740

>>> Final Detailed Errors (Optimized)
GroupID | TranslationErr(mm) | RotationErr(deg)
-----------------------------------------------
1       | 2.623964           | 0.475939
2       | 1.348492           | 1.432254
3       | 2.633844           | 1.393575
4       | 2.436451           | 1.621749
5       | 3.560890           | 3.058775
6       | 2.290551           | 1.267082
7       | 0.775372           | 1.131679
8       | 2.432096           | 0.822219
9       | 2.522201           | 1.214367
10      | 2.561946           | 1.367832
11      | 2.664694           | 2.166010
12      | 1.135419           | 0.621661
13      | 2.531879           | 1.634672
16      | 2.957190           | 1.914644
17      | 1.638526           | 1.438710
18      | 3.683225           | 1.160722
19      | 1.513564           | 1.608656
21      | 1.263692           | 1.009775
23      | 1.869725           | 1.178563
25      | 3.141428           | 1.362276

>>> Final Calibration Matrices:

Marker1_2EMsensor:
0.965865     -0.105481    -0.236599    25.960761    
-0.230452    0.067261     -0.970756    35.004203    
0.118311     0.992144     0.040657     0.149341     
0.000000     0.000000     0.000000     1.000000     

EM_2Marker2:
0.695695     -0.016842    0.718140     8.034082     
-0.717749    0.024149     0.695883     -60.600688   
-0.029062    -0.999566    0.004712     -124.627691  
0.000000     0.000000     0.000000     1.000000     
